871
1264
1279
1539
1725
2212
2635
2659
3343
4194
5037
5339
5345
5439
5521
6305
6387
6546
6698
7867
7912
7954
8059
8171
8809
9287
9538
9631
9674
10078
10126
10705
10788
10804
11204
11479
11489
11771
11902
12303
12504
14360
14722
15140
15431
15796
16020
16578
17051
17207
17319
17350
17514
17701
17721
18092
18138
18708
18724
19829
20042
20198
20212
20358
20397
20578
20717
21223
21467
21586
21588
21696
21749
21912
22052
22361
22481
22680
22716
22753
22807
22900
23166
23261
23376
23500
23801
23809
24167
24231
24486
24493
24669
24695
24807
24889
24904
25391
25671
25683
25767
25872
26011
26133
26149
26339
26369
26555
26695
27208
27909
28288
29868
29946
31094
31155