2309
2316
2765
4285
4635
4875
6509
7904
8098
8556
8793
9717
12091
12581
12758
14106
14345
14629
14692
14943
15069
15261
15933
16361
16818
17143
17145
17313
17395
17425
17923
18254
18298
18545
18617
19837
20239
20796
21202
21388
21399
21409
21575
21666
22100
22155
22849
23111
23331
23606
23744
23753
23836
23888
24396
24436
24498
24551
24688
24897
24992
25105
25719
25900
26070
26106
26220
26602
26616
26621
27773
28012
28023
28228
29584
29724
30136
30775
31076
21058
28226
523
888
2043
2434
3953
4037
6717
9338
9809
9926
10084
10927
11639
11980
14164
14341
16299
17567
17978
20142
23167
23647
24606
25159
26909
30622
21741